0      72.000000    31.717474   { 88, 275, 362, 422, 509, 545}
1     -72.000000    31.717474   { 38, 204, 245, 436, 572, 597}
2     -40.346753    22.854106   {139, 402, 567, 580, 608, 623}
3       0.000000   301.717474   {187, 210, 295, 395, 480,  -1}
4      -4.651009   128.146620   { 48,  71,  76, 367, 405, 565}
5       0.000000   262.070631   { 41, 168, 246, 385, 522, 579}
6       0.000000    97.929369   {  9,  46,  73,  85,  89, 163}
7     -31.282526   100.547245   { 39, 429, 561, 569, 582, 594}
8     -57.158909   163.234279   { 18, 108, 203, 257, 409, 411}
9       7.647096    94.759903   {  6,  73,  89, 321, 558, 640}
10      4.717474   187.673246   {127, 276, 287, 292, 324, 524}
11     75.103681   121.101793   {114, 124, 174, 391, 450, 566}
12    -52.433780   249.549240   { 24, 104, 229, 327, 539, 624}
13    -51.577705   123.849010   { 79, 193, 216, 461, 485, 584}
14     -7.630989    77.168544   {247, 372, 437, 458, 526, 555}
15    -43.487078    54.110245   {116, 387, 415, 431, 463, 500}
16     38.333632    84.062541   { 53, 132, 305, 467, 510, 636}
17    -38.333632   275.937459   { 47,  55, 202, 329, 444, 578}
18    -58.282526   180.000000   {  8, 135, 203, 333, 411, 523}
19     34.837554   164.957308   {253, 315, 443, 447, 495, 613}
20     -4.654202    38.483669   { 42, 238, 241, 316, 475, 493}
21    -72.000000   328.282526   { 38, 125, 225, 282, 334, 476}
22     51.279291   352.546699   { 84,  91, 177, 413, 441, 518}
23     30.000000    69.094843   { 53, 112, 123, 132, 297, 460}
24    -51.613800   262.496754   { 12, 104, 578, 587, 624, 630}
25     27.000000   148.282526   {227, 253, 265, 414, 464, 547}
26    -27.000000   148.282526   { 58, 146, 434, 471, 543, 550}
27     43.487078   234.110245   { 67,  68, 226, 465, 546, 586}
28    -54.000000   328.282526   {149, 285, 313, 376, 476, 605}
29     66.383039   311.237721   {129, 131, 302, 348, 425, 603}
30    -37.998585     5.906075   { 49, 105, 145, 153, 402, 608}
31    -54.000000    31.717474   {113, 250, 436, 500, 567, 623}
32     40.284076   137.703132   {152, 265, 414, 502, 544, 616}
33    -34.350518   231.550823   {117, 195, 303, 314, 503, 574}
34    -43.487078   305.889755   {119, 134, 285, 288, 433, 631}
35    -15.450437   270.000000   { 81, 211, 251, 366, 454, 522}
36     15.450437   270.000000   { 62,  80,  83, 168, 453, 481}
37    -40.284076   137.703132   {193, 199, 434, 461, 543, 628}
38    -74.549563     0.000000   {  1,  21, 204, 225, 334, 597}
39    -38.333632    95.937459   {  7, 180, 399, 505, 569, 582}
40    -15.063649    63.299389   { 57, 161, 234, 247, 432, 437}
41      0.000000   270.000000   {  5, 168, 211, 481, 521, 522}
42      4.654202    38.483669   { 20, 221, 238, 377, 439, 493}
43    -34.837554   195.042692   {248, 317, 326, 355, 615, 620}
44     58.282526   180.000000   {286, 361, 371, 479, 489, 575}
45     34.837554   344.957308   { 91, 110, 217, 242, 535, 556}
46     -7.647096    94.759903   {  6,  63,  73,  85, 372, 528}
47    -31.282526   280.547245   { 17,  55, 351, 421, 444, 454}
48      4.651009   128.146620   {  4, 137, 332, 400, 405, 565}
49    -28.975897     8.625392   { 30, 153, 237, 383, 402, 577}
50     82.070631   270.000000   { 66, 131, 214, 222, 427, 542}
51      4.717474     7.673246   {207, 235, 375, 525, 530, 534}
52     52.433780    69.549240   {150, 281, 293, 459, 467, 551}
53     31.282526    79.452755   { 16,  23, 123, 132, 617, 636}
54    -82.070631   270.000000   { 94, 225, 282, 331, 341, 614}
55    -31.717474   270.000000   { 17,  47,  81, 171, 202, 454}
56     34.837554    15.042692   {138, 184, 278, 311, 349, 517}
57     -7.538963    60.747078   { 40, 161, 166, 247, 296, 497}
58    -31.072455   156.162687   { 26,  92, 418, 543, 550, 641}
59     27.000000    31.717474   {184, 223, 301, 386, 508, 553}
60    -27.000000    31.717474   {139, 466, 483, 580, 629, 638}
61     20.991460   351.893478   {126, 136, 183, 217, 242, 350}
62     15.240162   279.693724   { 36,  93, 284, 435, 453, 481}
63    -15.450437    90.000000   { 46, 372, 458, 528, 561, 618}
64     17.533230   163.921796   { 75, 201, 274, 416, 547, 613}
65     44.612618   114.570456   {158, 309, 408, 571, 616, 627}
66     81.000000   211.717474   { 50,  97, 214, 391, 542, 590}
67     34.350518   231.550823   { 27,  68, 140, 190, 465, 600}
68     40.284076   222.296868   { 27,  67,  77, 470, 586, 600}
69     51.577705   303.849010   { 74, 129, 258, 273, 302, 633}
70    -59.874637   285.153785   {102, 191, 215, 536, 587, 630}
71     -7.538963   119.252922   {  4,  76, 106, 330, 403, 565}
72      7.538963    60.747078   {121, 296, 445, 477, 497, 519}
73      0.000000    90.000000   {  6,   9,  46, 321, 372, 526}
74     44.612618   294.570456   { 69, 148, 258, 606, 626, 633}
75     12.715907   172.175957   { 64, 165, 201, 416, 524, 527}
76    -12.299559   125.779786   {  4,  71, 120, 367, 403, 562}
77     36.000000   211.717474   { 68,  96, 115, 470, 473, 600}
78    -27.932423   120.920896   {120, 155, 199, 345, 359, 594}
79    -57.555496   135.647596   { 13, 108, 193, 257, 342, 584}
80     23.553616   264.847577   { 36,  83, 111, 228, 318, 453}
81    -23.553616   264.847577   { 35,  55, 171, 366, 454, 588}
82     20.991460     8.106522   {138, 183, 278, 289, 350, 530}
83     15.240162   260.306276   { 36,  80, 111, 168, 246, 452}
84     44.660703     0.000000   { 22,  91, 110, 349, 413, 517}
85     -7.630989   102.831456   {  6,  46, 163, 328, 330, 528}
86    -20.991460   188.106522   {317, 326, 412, 533, 592, 604}
87     28.975897   188.625392   {157, 271, 365, 369, 381, 595}
88     75.103681    58.898207   {  0, 124, 174, 261, 509, 545}
89      7.630989   102.831456   {  6,   9,  95, 163, 370, 558}
90     43.930117   192.886967   { 96, 271, 280, 286, 559, 595}
91     43.930117   347.113033   { 22,  45,  84, 110, 441, 535}
92    -25.714593   163.234279   { 58, 384, 418, 520, 538, 550}
93     15.312457   288.200741   { 62, 142, 283, 284, 435, 506}
94    -75.103681   238.898207   { 54,  98, 337, 341, 511, 614}
95      7.565260   111.184624   { 89, 106, 137, 163, 312, 370}
96     40.346753   202.854106   { 77,  90, 271, 280, 470, 473}
97     72.000000   211.717474   { 66, 214, 489, 590, 593, 639}
98    -72.000000   211.717474   { 94, 178, 333, 337, 347, 614}
99    -67.563727    69.820734   {130, 245, 259, 264, 457, 572}
100     0.000000   238.282526   {101, 319, 374, 394, 516,  -1}
101     7.538963   240.747078   {100, 308, 374, 379, 515, 516}
102   -67.563727   290.179266   { 70, 125, 191, 282, 341, 536}
103    36.000000   328.282526   {354, 535, 552, 556, 610, 632}
104   -44.591422   256.964707   { 12,  24, 202, 327, 407, 578}
105   -44.660703     0.000000   { 30, 145, 249, 576, 608, 609}
106     0.000000   113.788106   { 71,  95, 137, 163, 330, 565}
107   -27.932423   300.920896   {119, 197, 353, 421, 537, 631}
108   -63.000000   148.282526   {  8,  79, 203, 257, 342, 573}
109    51.613800   277.503246   {147, 393, 496, 548, 626, 633}
110    37.998585   354.093925   { 45,  84,  91, 242, 349, 448}
111    22.717474   255.004053   { 80,  83, 189, 318, 452, 540}
112    27.932423    59.079104   { 23, 118, 269, 297, 460, 599}
113   -57.555496    44.352404   { 31, 264, 387, 436, 500, 572}
114    66.383039   131.237721   { 11, 236, 450, 468, 566, 589}
115    27.000000   211.717474   { 77, 298, 396, 473, 600, 621}
116   -34.350518    51.550823   { 15, 426, 431, 463, 598, 638}
117   -30.888929   221.110488   { 33, 195, 380, 574, 625, 637}
118    25.171262    49.499295   {112, 269, 301, 401, 508, 599}
119   -34.350518   308.449177   { 34, 107, 357, 433, 537, 631}
120   -20.252196   123.376058   { 76,  78, 345, 359, 403, 562}
121    15.063649    63.299389   { 72, 252, 269, 445, 460, 477}
122     4.654202   218.483669   {205, 290, 373, 420, 440, 581}
123    22.717474    75.004053   { 23,  53, 252, 460, 488, 617}
124    74.141263    90.000000   { 11,  88, 174, 261, 450, 585}
125   -66.383039   311.237721   { 21, 102, 282, 313, 476, 536}
126    17.533230   343.921796   { 61, 136, 217, 272, 352, 390}
127     0.000000   180.000000   { 10, 172, 213, 324, 524, 527}
128   -30.000000   249.094843   {160, 171, 303, 407, 503, 588}
129    57.555496   315.647596   { 29,  69, 273, 302, 348, 498}
130   -59.874637    74.846215   { 99, 259, 264, 378, 462, 619}
131    75.103681   301.101793   { 29,  50, 222, 425, 427, 603}
132    37.360293    72.645461   { 16,  23,  53, 281, 297, 467}
133   -49.345531   201.340566   {135, 248, 262, 299, 355, 523}
134   -44.612618   294.570456   { 34, 215, 288, 329, 444, 631}
135   -51.279291   187.453301   { 18, 133, 248, 266, 411, 523}
136    12.715907   352.175957   { 61, 126, 183, 272, 484, 525}
137     7.538963   119.252922   { 48,  95, 106, 312, 400, 565}
138    25.714593    16.765721   { 56,  82, 184, 278, 289, 553}
139   -31.072455    23.837313   {  2,  60, 402, 483, 577, 580}
140    25.171262   229.499295   { 67, 190, 220, 340, 600, 621}
141    -4.654202   321.516331   {164, 173, 200, 243, 358, 564}
142    22.557706   293.960607   { 93, 218, 277, 435, 506, 507}
143   -18.000000   328.282526   {151, 173, 243, 254, 389, 611}
144    17.217787   132.670862   {332, 343, 400, 442, 464, 583}
145   -37.998585   354.093925   { 30, 105, 153, 167, 249, 267}
146   -21.823464   139.613822   { 26, 244, 359, 434, 471, 562}
147    58.282526   270.000000   {109, 393, 456, 496, 501,  -1}
148    36.977471   297.732301   { 74, 218, 258, 277, 596, 606}
149   -45.000000   328.282526   { 28, 285, 338, 433, 541, 605}
150    59.874637    74.846215   { 52, 261, 339, 459, 551, 585}
151   -21.823464   319.613822   {143, 232, 243, 357, 537, 611}
152    45.000000   148.282526   { 32, 315, 414, 428, 502, 570}
153   -31.717474     0.000000   { 30,  49, 145, 167, 383,  -1}
154    57.555496    44.352404   {185, 293, 422, 494, 509, 551}
155   -36.977471   117.732301   { 78, 199, 216, 461, 569, 594}
156   -17.533230    16.078204   {237, 430, 483, 491, 557, 577}
157    23.788106   180.000000   { 87, 165, 365, 369, 416, 443}
158    52.433780   110.450760   { 65, 159, 224, 309, 468, 571}
159    51.613800    97.503246   {158, 224, 305, 309, 339, 459}
160   -22.557706   246.039393   {128, 230, 233, 239, 503, 588}
161   -12.299559    54.220214   { 40,  57, 166, 306, 432, 475}
162    25.171262   310.500705   {277, 354, 469, 474, 507, 596}
163     0.000000   105.858737   {  6,  85,  89,  95, 106, 330}
164    -9.243003   314.660703   {141, 196, 200, 232, 243, 480}
165    15.858737   180.000000   { 75, 157, 287, 365, 416, 524}
166    -4.651009    51.853380   { 57, 161, 296, 475, 493, 519}
167   -28.975897   351.374608   {145, 153, 267, 383, 388, 487}
168     7.647096   265.240097   {  5,  36,  41,  83, 246, 481}
169   -82.070631    90.000000   {245, 331, 457, 486, 597, 622}
170    -4.717474   352.326754   {175, 198, 404, 419, 484, 534}
171   -31.282526   259.452755   { 55,  81, 128, 202, 407, 588}
172    -7.929369   180.000000   {127, 213, 324, 382, 412, 533}
173    -9.000000   328.282526   {141, 143, 243, 254, 358, 512}
174    82.070631    90.000000   { 11,  88, 124, 391, 542, 545}
175    -7.929369     0.000000   {170, 198, 375, 514, 534, 557}
176     0.000000   285.858737   {187, 283, 284, 307, 410, 521}
177    58.282526     0.000000   { 22, 323, 362, 413, 490, 518}
178   -74.549563   180.000000   { 98, 203, 333, 573, 614, 622}
179    38.333632   275.937459   {212, 228, 360, 548, 606, 626}
180   -38.333632    84.062541   { 39, 209, 279, 399, 563, 582}
181     4.722138   336.361288   {272, 352, 358, 404, 512, 554}
182     4.722138    23.638712   {207, 235, 238, 377, 513, 602}
183    15.858737     0.000000   { 61,  82, 136, 350, 525, 530}
184    31.072455    23.837313   { 56,  59, 138, 311, 386, 553}
185    49.282526    44.103179   {154, 268, 293, 294, 300, 494}
186    67.563727   249.820734   {214, 392, 427, 456, 501, 593}
187     0.000000   293.788106   {  3, 176, 283, 295, 395, 410}
188   -37.998585   174.093925   {266, 418, 455, 520, 607, 620}
189    30.000000   249.094843   {111, 190, 318, 465, 540, 568}
190    27.932423   239.079104   { 67, 140, 189, 340, 465, 540}
191   -66.211894   270.000000   { 70, 102, 341, 511, 624, 630}
192   -22.717474    75.004053   {209, 234, 437, 458, 591, 618}
193   -49.282526   135.896821   { 13,  37,  79, 257, 461, 628}
194    13.808465   203.433271   {276, 298, 335, 356, 373, 396}
195   -40.284076   222.296868   { 33, 117, 260, 299, 314, 380}
196   -12.299559   305.779786   {164, 197, 232, 295, 480, 601}
197   -20.252196   303.376058   {107, 196, 232, 353, 537, 601}
198   -12.715907   352.175957   {170, 175, 206, 388, 419, 514}
199   -34.350518   128.449177   { 37,  78, 155, 359, 434, 461}
200     0.000000   314.660703   {141, 164, 210, 480, 532, 564}
201     9.349704   164.549563   { 64,  75, 274, 336, 368, 527}
202   -38.333632   264.062541   { 17,  55, 104, 171, 407, 578}
203   -65.920820   168.359277   {  8,  18, 108, 178, 333, 573}
204   -65.920820    11.640723   {  1,  38, 250, 334, 436, 529}
205     0.000000   211.717474   {122, 320, 335, 363, 373, 581}
206   -17.533230   343.921796   {198, 254, 388, 389, 419, 487}
207     9.349704    15.450437   { 51, 182, 235, 289, 530, 602}
208   -12.299559   234.220214   {230, 231, 233, 270, 319, 394}
209   -31.282526    79.452755   {180, 192, 279, 582, 591, 618}
210     4.651009   308.146620   {  3, 200, 395, 480, 504, 532}
211    -7.647096   274.759903   { 35,  41, 251, 307, 521, 522}
212    31.282526   280.547245   {179, 218, 228, 435, 453, 606}
213    -4.717474   172.326754   {127, 172, 368, 382, 492, 527}
214    75.103681   238.898207   { 50,  66,  97, 186, 427, 593}
215   -52.433780   290.450760   { 70, 134, 288, 329, 536, 587}
216   -44.612618   114.570456   { 13, 155, 461, 485, 505, 569}
217    25.714593   343.234279   { 45,  61, 126, 242, 390, 556}
218    30.000000   290.905157   {142, 148, 212, 277, 435, 606}
219    -4.654202   141.516331   {244, 367, 405, 451, 472, 478}
220    17.217787   227.329138   {140, 340, 420, 440, 515, 621}
221     9.243003    45.339297   { 42, 401, 439, 477, 493, 519}
222    81.000000   328.282526   { 50, 131, 275, 425, 542, 545}
223    18.000000    31.717474   { 59, 301, 377, 439, 553, 602}
224    59.874637   105.153785   {158, 159, 339, 450, 468, 585}
225   -81.000000   328.282526   { 21,  38,  54, 282, 331, 597}
226    51.577705   236.150990   { 27, 310, 322, 392, 546, 586}
227    18.000000   148.282526   { 25, 274, 442, 464, 547, 634}
228    31.717474   270.000000   { 80, 179, 212, 318, 360, 453}
229   -51.577705   236.150990   { 12, 260, 314, 327, 346, 539}
230   -20.252196   236.623942   {160, 208, 231, 233, 503, 574}
231   -17.217787   227.329138   {208, 230, 240, 270, 574, 625}
232   -17.217787   312.670862   {151, 164, 196, 197, 243, 537}
233   -15.063649   243.299389   {160, 208, 230, 239, 325, 394}
234   -22.557706    66.039393   { 40, 192, 426, 432, 437, 591}
235     0.000000    15.450437   { 51, 182, 207, 375, 491, 513}
236    57.555496   135.647596   {114, 428, 468, 502, 571, 589}
237   -20.991460     8.106522   { 49, 156, 383, 514, 557, 577}
238     0.000000    31.717474   { 20,  42, 182, 316, 377, 513}
239   -15.312457   251.799259   {160, 233, 325, 366, 579, 588}
240   -13.714636   218.655355   {231, 270, 320, 397, 581, 625}
241   -13.714636    38.655355   { 20, 306, 316, 466, 475, 629}
242    28.975897   351.374608   { 45,  61, 110, 217, 350, 448}
243   -13.714636   321.344645   {141, 143, 151, 164, 173, 232}
244   -13.714636   141.344645   {146, 219, 367, 451, 471, 562}
245   -75.103681    58.898207   {  1,  99, 169, 457, 572, 597}
246     7.630989   257.168544   {  5,  83, 168, 379, 385, 452}
247    -7.565260    68.815376   { 14,  40,  57, 437, 497, 555}
248   -43.930117   192.886967   { 43, 133, 135, 266, 355, 620}
249   -43.930117   347.113033   {105, 145, 267, 541, 605, 609}
250   -57.158909    16.765721   { 31, 204, 436, 529, 567, 576}
251   -15.240162   279.693724   { 35, 211, 307, 351, 454, 612}
252    15.312457    71.799259   {121, 123, 445, 446, 460, 488}
253    31.072455   156.162687   { 19,  25, 315, 414, 547, 613}
254   -13.808465   336.566729   {143, 173, 206, 389, 419, 512}
255    22.717474   104.995947   {256, 370, 449, 482, 558, 560}
256    22.557706   113.960607   {255, 312, 370, 449, 499, 583}
257   -54.000000   148.282526   {  8,  79, 108, 193, 409, 628}
258    43.487078   305.889755   { 69,  74, 148, 273, 552, 596}
259   -66.211894    90.000000   { 99, 130, 457, 462, 549, 635}
260   -49.282526   224.103179   {195, 229, 262, 299, 314, 346}
261    67.563727    69.820734   { 88, 124, 150, 509, 551, 585}
262   -54.000000   211.717474   {133, 260, 299, 346, 347, 523}
263   -13.808465   156.566729   {364, 384, 451, 471, 492, 550}
264   -59.617533    59.079104   { 99, 113, 130, 378, 387, 572}
265    30.888929   138.889512   { 25,  32, 343, 414, 464, 544}
266   -44.660703   180.000000   {135, 188, 248, 411, 607, 620}
267   -34.837554   344.957308   {145, 167, 249, 487, 531, 541}
268    40.284076    42.296868   {185, 294, 300, 386, 508, 599}
269    20.252196    56.623942   {112, 118, 121, 401, 460, 477}
270    -9.243003   225.339297   {208, 231, 240, 290, 319, 581}
271    34.837554   195.042692   { 87,  90,  96, 381, 473, 595}
272     9.349704   344.549563   {126, 136, 181, 352, 404, 484}
273    49.282526   315.896821   { 69, 129, 258, 498, 552, 632}
274    13.808465   156.566729   { 64, 201, 227, 336, 547, 634}
275    74.549563     0.000000   {  0, 222, 362, 425, 490, 545}
276     9.349704   195.450437   { 10, 194, 287, 292, 335, 356}
277    27.932423   300.920896   {142, 148, 162, 218, 507, 596}
278    28.975897     8.625392   { 56,  82, 138, 349, 350, 448}
279   -37.360293    72.645461   {180, 209, 415, 463, 563, 591}
280    49.345531   201.340566   { 90,  96, 286, 371, 423, 470}
281    44.612618    65.429544   { 52, 132, 293, 294, 297, 467}
282   -75.103681   301.101793   { 21,  54, 102, 125, 225, 341}
283     7.565260   291.184624   { 93, 176, 187, 284, 395, 506}
284     7.630989   282.831456   { 62,  93, 176, 283, 481, 521}
285   -49.282526   315.896821   { 28,  34, 149, 288, 313, 433}
286    51.279291   187.453301   { 44,  90, 280, 371, 559, 575}
287    12.715907   187.824043   { 10, 165, 276, 356, 365, 524}
288   -51.577705   303.849010   { 34, 134, 215, 285, 313, 536}
289    17.533230    16.078204   { 82, 138, 207, 530, 553, 602}
290     0.000000   225.339297   {122, 270, 319, 374, 420, 581}
291    18.000000   328.282526   {352, 390, 438, 469, 554, 610}
292     0.000000   195.450437   { 10, 276, 324, 335, 363, 417}
293    51.577705    56.150990   { 52, 154, 185, 281, 294, 551}
294    43.487078    54.110245   {185, 268, 281, 293, 297, 599}
295    -7.538963   299.252922   {  3, 187, 196, 410, 480, 601}
296     0.000000    58.282526   { 57,  72, 166, 497, 519,  -1}
297    36.977471    62.267699   { 23, 112, 132, 281, 294, 599}
298    18.000000   211.717474   {115, 194, 373, 396, 440, 621}
299   -45.000000   211.717474   {133, 195, 260, 262, 355, 380}
300    45.000000    31.717474   {185, 268, 311, 386, 406, 494}
301    21.823464    40.386178   { 59, 118, 223, 401, 439, 508}
302    59.617533   300.920896   { 29,  69, 129, 393, 603, 633}
303   -36.977471   242.267699   { 33, 128, 314, 327, 407, 503}
304    44.591422   256.964707   {322, 360, 496, 546, 548, 568}
305    45.339297    90.000000   { 16, 159, 309, 459, 467, 510}
306   -17.217787    47.329138   {161, 241, 432, 475, 598, 629}
307    -7.630989   282.831456   {176, 211, 251, 410, 521, 612}
308    15.063649   243.299389   {101, 340, 379, 452, 515, 540}
309    44.591422   103.035293   { 65, 158, 159, 305, 408, 510}
310    57.555496   224.352404   {226, 392, 423, 586, 593, 639}
311    40.346753    22.854106   { 56, 184, 300, 386, 406, 517}
312    15.063649   116.700611   { 95, 137, 256, 370, 400, 583}
313   -57.555496   315.647596   { 28, 125, 285, 288, 476, 536}
314   -43.487078   234.110245   { 33, 195, 229, 260, 303, 327}
315    40.346753   157.145894   { 19, 152, 253, 414, 447, 570}
316    -9.000000    31.717474   { 20, 238, 241, 430, 466, 513}
317   -28.975897   188.625392   { 43,  86, 326, 455, 592, 620}
318    31.282526   259.452755   { 80, 111, 189, 228, 360, 568}
319    -4.651009   231.853380   {100, 208, 270, 290, 374, 394}
320    -9.000000   211.717474   {205, 240, 363, 397, 424, 581}
321     7.647096    85.240097   {  9,  73, 446, 488, 526, 640}
322    52.433780   249.549240   {226, 304, 392, 456, 496, 546}
323    57.158909    16.765721   {177, 362, 406, 413, 422, 494}
324    -4.717474   187.673246   { 10, 127, 172, 292, 412, 417}
325    -7.565260   248.815376   {233, 239, 385, 394, 516, 579}
326   -25.714593   196.765721   { 43,  86, 317, 398, 604, 615}
327   -44.612618   245.429544   { 12, 104, 229, 303, 314, 407}
328   -15.312457   108.200741   { 85, 330, 345, 403, 429, 528}
329   -44.591422   283.035293   { 17, 134, 215, 444, 578, 587}
330    -7.565260   111.184624   { 71,  85, 106, 163, 328, 403}
331   -90.000000   180.000000   { 54, 169, 225, 597, 614, 622}
332     9.243003   134.660703   { 48, 144, 400, 405, 442, 478}
333   -65.920820   191.640723   { 18,  98, 178, 203, 347, 523}
334   -65.920820   348.359277   { 21,  38, 204, 376, 476, 529}
335     4.722138   203.638712   {194, 205, 276, 292, 363, 373}
336     4.722138   156.361288   {201, 274, 364, 368, 472, 634}
337   -66.383039   228.762279   { 94,  98, 346, 347, 511, 539}
338   -36.000000   328.282526   {149, 357, 433, 531, 541, 611}
339    58.282526    90.000000   {150, 159, 224, 459, 585,  -1}
340    20.252196   236.623942   {140, 190, 220, 308, 515, 540}
341   -74.141263   270.000000   { 54,  94, 102, 191, 282, 511}
342   -66.383039   131.237721   { 79, 108, 486, 573, 584, 635}
343    25.171262   130.500705   {144, 265, 464, 499, 544, 583}
344   -51.613800    97.503246   {399, 462, 485, 505, 549, 619}
345   -22.557706   113.960607   { 78, 120, 328, 403, 429, 594}
346   -57.555496   224.352404   {229, 260, 262, 337, 347, 539}
347   -63.000000   211.717474   { 98, 262, 333, 337, 346, 523}
348    63.000000   328.282526   { 29, 129, 425, 490, 498, 518}
349    37.998585     5.906075   { 56,  84, 110, 278, 448, 517}
350    23.788106     0.000000   { 61,  82, 183, 242, 278, 448}
351   -22.717474   284.995947   { 47, 251, 353, 421, 454, 612}
352    13.808465   336.566729   {126, 181, 272, 291, 390, 554}
353   -22.557706   293.960607   {107, 197, 351, 421, 601, 612}
354    30.888929   318.889512   {103, 162, 469, 552, 596, 610}
355   -40.346753   202.854106   { 43, 133, 248, 299, 380, 615}
356    17.533230   196.078204   {194, 276, 287, 365, 381, 396}
357   -30.888929   318.889512   {119, 151, 338, 433, 537, 611}
358     0.000000   328.282526   {141, 173, 181, 512, 554, 564}
359   -25.171262   130.500705   { 78, 120, 146, 199, 434, 562}
360    38.333632   264.062541   {179, 228, 304, 318, 548, 568}
361    65.920820   168.359277   { 44, 479, 489, 566, 589, 590}
362    65.920820    11.640723   {  0, 177, 275, 323, 422, 490}
363    -4.722138   203.638712   {205, 292, 320, 335, 417, 424}
364    -4.722138   156.361288   {263, 336, 368, 451, 472, 492}
365    20.991460   188.106522   { 87, 157, 165, 287, 356, 381}
366   -15.240162   260.306276   { 35,  81, 239, 522, 579, 588}
367    -9.243003   134.660703   {  4,  76, 219, 244, 405, 562}
368     0.000000   164.549563   {201, 213, 336, 364, 492, 527}
369    31.717474   180.000000   { 87, 157, 443, 495, 595,  -1}
370    15.312457   108.200741   { 89,  95, 255, 256, 312, 558}
371    57.158909   196.765721   { 44, 280, 286, 423, 489, 639}
372    -7.647096    85.240097   { 14,  46,  63,  73, 458, 526}
373     9.000000   211.717474   {122, 194, 205, 298, 335, 440}
374     4.651009   231.853380   {100, 101, 290, 319, 420, 515}
375    -4.717474     7.673246   { 51, 175, 235, 491, 534, 557}
376   -57.158909   343.234279   { 28, 334, 476, 529, 605, 609}
377     9.000000    31.717474   { 42, 182, 223, 238, 439, 602}
378   -52.433780    69.549240   {130, 264, 387, 415, 563, 619}
379     7.565260   248.815376   {101, 246, 308, 385, 452, 516}
380   -36.000000   211.717474   {117, 195, 299, 355, 615, 637}
381    25.714593   196.765721   { 87, 271, 356, 365, 396, 473}
382   -12.715907   172.175957   {172, 213, 384, 492, 533, 538}
383   -23.788106     0.000000   { 49, 153, 167, 237, 388, 514}
384   -17.533230   163.921796   { 92, 263, 382, 492, 538, 550}
385     0.000000   254.141263   {  5, 246, 325, 379, 516, 579}
386    36.000000    31.717474   { 59, 184, 268, 300, 311, 508}
387   -51.577705    56.150990   { 15, 113, 264, 378, 415, 500}
388   -20.991460   351.893478   {167, 198, 206, 383, 487, 514}
389   -22.026697   335.555054   {143, 206, 254, 487, 531, 611}
390    22.026697   335.555054   {126, 217, 291, 352, 556, 610}
391    81.000000   148.282526   { 11,  66, 174, 542, 566, 590}
392    59.617533   239.079104   {186, 226, 310, 322, 456, 593}
393    59.874637   285.153785   {109, 147, 302, 501, 603, 633}
394    -7.538963   240.747078   {100, 208, 233, 319, 325, 516}
395     7.538963   299.252922   {  3, 187, 210, 283, 504, 506}
396    22.026697   204.444946   {115, 194, 298, 356, 381, 473}
397   -18.000000   211.717474   {240, 320, 398, 424, 625, 637}
398   -22.026697   204.444946   {326, 397, 424, 604, 615, 637}
399   -45.339297    90.000000   { 39, 180, 344, 505, 563, 619}
400    12.299559   125.779786   { 48, 137, 144, 312, 332, 583}
401    17.217787    47.329138   {118, 221, 269, 301, 439, 477}
402   -34.837554    15.042692   {  2,  30,  49, 139, 577, 608}
403   -15.063649   116.700611   { 71,  76, 120, 328, 330, 345}
404     0.000000   344.549563   {170, 181, 272, 419, 484, 512}
405     0.000000   134.660703   {  4,  48, 219, 332, 367, 478}
406    49.345531    21.340566   {300, 311, 323, 413, 494, 517}
407   -37.360293   252.645461   {104, 128, 171, 202, 303, 327}
408    37.360293   107.354539   { 65, 309, 449, 482, 510, 627}
409   -49.345531   158.659434   {  8, 257, 411, 607, 628, 641}
410    -7.565260   291.184624   {176, 187, 295, 307, 601, 612}
411   -51.279291   172.546699   {  8,  18, 135, 266, 409, 607}
412   -12.715907   187.824043   { 86, 172, 324, 417, 533, 604}
413    51.279291     7.453301   { 22,  84, 177, 323, 406, 517}
414    36.000000   148.282526   { 25,  32, 152, 253, 265, 315}
415   -44.612618    65.429544   { 15, 279, 378, 387, 463, 563}
416    20.991460   171.893478   { 64,  75, 157, 165, 443, 613}
417    -9.349704   195.450437   {292, 324, 363, 412, 424, 604}
418   -34.837554   164.957308   { 58,  92, 188, 520, 607, 641}
419    -9.349704   344.549563   {170, 198, 206, 254, 404, 512}
420     9.243003   225.339297   {122, 220, 290, 374, 440, 515}
421   -30.000000   290.905157   { 47, 107, 351, 353, 444, 631}
422    63.000000    31.717474   {  0, 154, 323, 362, 494, 509}
423    54.000000   211.717474   {280, 310, 371, 470, 586, 639}
424   -13.808465   203.433271   {320, 363, 397, 398, 417, 604}
425    72.000000   328.282526   { 29, 131, 222, 275, 348, 490}
426   -27.932423    59.079104   {116, 234, 432, 463, 591, 598}
427    74.141263   270.000000   { 50, 131, 186, 214, 501, 603}
428    54.000000   148.282526   {152, 236, 479, 502, 570, 589}
429   -22.717474   104.995947   {  7, 328, 345, 528, 561, 594}
430   -13.808465    23.433271   {156, 316, 466, 483, 491, 513}
431   -40.284076    42.296868   { 15, 116, 500, 580, 623, 638}
432   -20.252196    56.623942   { 40, 161, 234, 306, 426, 598}
433   -40.284076   317.703132   { 34, 119, 149, 285, 338, 357}
434   -30.888929   138.889512   { 26,  37, 146, 199, 359, 543}
435    22.717474   284.995947   { 62,  93, 142, 212, 218, 453}
436   -63.000000    31.717474   {  1,  31, 113, 204, 250, 572}
437   -15.312457    71.799259   { 14,  40, 192, 234, 247, 458}
438    13.714636   321.344645   {291, 469, 474, 532, 554, 564}
439    13.714636    38.655355   { 42, 221, 223, 301, 377, 401}
440    13.714636   218.655355   {122, 220, 298, 373, 420, 621}
441    49.345531   338.659434   { 22,  91, 498, 518, 535, 632}
442    13.714636   141.344645   {144, 227, 332, 464, 478, 634}
443    28.975897   171.374608   { 19, 157, 369, 416, 495, 613}
444   -37.360293   287.354539   { 17,  47, 134, 329, 421, 631}
445     7.565260    68.815376   { 72, 121, 252, 446, 497, 555}
446     7.630989    77.168544   {252, 321, 445, 488, 526, 555}
447    43.930117   167.113033   { 19, 315, 495, 559, 570, 575}
448    31.717474     0.000000   {110, 242, 278, 349, 350,  -1}
449    30.000000   110.905157   {255, 256, 408, 482, 499, 627}
450    67.563727   110.179266   { 11, 114, 124, 224, 468, 585}
451    -9.000000   148.282526   {219, 244, 263, 364, 471, 472}
452    15.312457   251.799259   { 83, 111, 246, 308, 379, 540}
453    23.553616   275.152423   { 36,  62,  80, 212, 228, 435}
454   -23.553616   275.152423   { 35,  47,  55,  81, 251, 351}
455   -31.717474   180.000000   {188, 317, 520, 592, 620,  -1}
456    59.874637   254.846215   {147, 186, 322, 392, 496, 501}
457   -74.141263    90.000000   { 99, 169, 245, 259, 486, 635}
458   -15.240162    80.306276   { 14,  63, 192, 372, 437, 618}
459    51.613800    82.496754   { 52, 150, 159, 305, 339, 467}
460    22.557706    66.039393   { 23, 112, 121, 123, 252, 269}
461   -43.487078   125.889755   { 13,  37, 155, 193, 199, 216}
462   -58.282526    90.000000   {130, 259, 344, 549, 619,  -1}
463   -36.977471    62.267699   { 15, 116, 279, 415, 426, 591}
464    21.823464   139.613822   { 25, 144, 227, 265, 343, 442}
465    36.977471   242.267699   { 27,  67, 189, 190, 546, 568}
466   -18.000000    31.717474   { 60, 241, 316, 430, 483, 629}
467    44.591422    76.964707   { 16,  52, 132, 281, 305, 459}
468    59.617533   120.920896   {114, 158, 224, 236, 450, 571}
469    21.823464   319.613822   {162, 291, 354, 438, 474, 610}
470    45.000000   211.717474   { 68,  77,  96, 280, 423, 586}
471   -18.000000   148.282526   { 26, 146, 244, 263, 451, 550}
472     0.000000   148.282526   {219, 336, 364, 451, 478, 634}
473    31.072455   203.837313   { 77,  96, 115, 271, 381, 396}
474    17.217787   312.670862   {162, 438, 469, 504, 507, 532}
475    -9.243003    45.339297   { 20, 161, 166, 241, 306, 493}
476   -63.000000   328.282526   { 21,  28, 125, 313, 334, 376}
477    12.299559    54.220214   { 72, 121, 221, 269, 401, 519}
478     4.654202   141.516331   {219, 332, 405, 442, 472, 634}
479    57.158909   163.234279   { 44, 361, 428, 570, 575, 589}
480    -4.651009   308.146620   {  3, 164, 196, 200, 210, 295}
481     7.647096   274.759903   { 36,  41,  62, 168, 284, 521}
482    31.282526   100.547245   {255, 408, 449, 510, 560, 636}
483   -22.026697    24.444946   { 60, 139, 156, 430, 466, 577}
484     4.717474   352.326754   {136, 170, 272, 404, 525, 534}
485   -52.433780   110.450760   { 13, 216, 344, 505, 549, 584}
486   -75.103681   121.101793   {169, 342, 457, 573, 622, 635}
487   -25.714593   343.234279   {167, 206, 267, 388, 389, 531}
488    15.240162    80.306276   {123, 252, 321, 446, 617, 640}
489    65.920820   191.640723   { 44,  97, 361, 371, 590, 639}
490    65.920820   348.359277   {177, 275, 348, 362, 425, 518}
491    -9.349704    15.450437   {156, 235, 375, 430, 513, 557}
492    -9.349704   164.549563   {213, 263, 364, 368, 382, 384}
493     0.000000    45.339297   { 20,  42, 166, 221, 475, 519}
494    54.000000    31.717474   {154, 185, 300, 323, 406, 422}
495    37.998585   174.093925   { 19, 369, 443, 447, 559, 595}
496    51.613800   262.496754   {109, 147, 304, 322, 456, 548}
497     0.000000    66.211894   { 57,  72, 247, 296, 445, 555}
498    54.000000   328.282526   {129, 273, 348, 441, 518, 632}
499    27.932423   120.920896   {256, 343, 449, 544, 583, 627}
500   -49.282526    44.103179   { 15,  31, 113, 387, 431, 623}
501    66.211894   270.000000   {147, 186, 393, 427, 456, 603}
502    49.282526   135.896821   { 32, 152, 236, 428, 571, 616}
503   -27.932423   239.079104   { 33, 128, 160, 230, 303, 574}
504    12.299559   305.779786   {210, 395, 474, 506, 507, 532}
505   -44.591422   103.035293   { 39, 216, 344, 399, 485, 569}
506    15.063649   296.700611   { 93, 142, 283, 395, 504, 507}
507    20.252196   303.376058   {142, 162, 277, 474, 504, 506}
508    30.888929    41.110488   { 59, 118, 268, 301, 386, 599}
509    66.383039    48.762279   {  0,  88, 154, 261, 422, 551}
510    38.333632    95.937459   { 16, 305, 309, 408, 482, 636}
511   -67.563727   249.820734   { 94, 191, 337, 341, 539, 624}
512    -4.722138   336.361288   {173, 181, 254, 358, 404, 419}
513    -4.722138    23.638712   {182, 235, 238, 316, 430, 491}
514   -15.858737     0.000000   {175, 198, 237, 383, 388, 557}
515    12.299559   234.220214   {101, 220, 308, 340, 374, 420}
516     0.000000   246.211894   {100, 101, 325, 379, 385, 394}
517    43.930117    12.886967   { 56,  84, 311, 349, 406, 413}
518    57.158909   343.234279   { 22, 177, 348, 441, 490, 498}
519     4.651009    51.853380   { 72, 166, 221, 296, 477, 493}
520   -28.975897   171.374608   { 92, 188, 418, 455, 538, 592}
521     0.000000   277.929369   { 41, 176, 211, 284, 307, 481}
522    -7.647096   265.240097   {  5,  35,  41, 211, 366, 579}
523   -57.158909   196.765721   { 18, 133, 135, 262, 333, 347}
524     7.929369   180.000000   { 10,  75, 127, 165, 287, 527}
525     7.929369     0.000000   { 51, 136, 183, 484, 530, 534}
526     0.000000    82.070631   { 14,  73, 321, 372, 446, 555}
527     4.717474   172.326754   { 75, 127, 201, 213, 368, 524}
528   -15.240162    99.693724   { 46,  63,  85, 328, 429, 561}
529   -58.282526     0.000000   {204, 250, 334, 376, 576, 609}
530    12.715907     7.824043   { 51,  82, 183, 207, 289, 525}
531   -31.072455   336.162687   {267, 338, 389, 487, 541, 611}
532     9.243003   314.660703   {200, 210, 438, 474, 504, 564}
533   -15.858737   180.000000   { 86, 172, 382, 412, 538, 592}
534     0.000000     0.000000   { 51, 170, 175, 375, 484, 525}
535    40.346753   337.145894   { 45,  91, 103, 441, 556, 632}
536   -59.617533   300.920896   { 70, 102, 125, 215, 288, 313}
537   -25.171262   310.500705   {107, 119, 151, 197, 232, 357}
538   -20.991460   171.893478   { 92, 382, 384, 520, 533, 592}
539   -59.617533   239.079104   { 12, 229, 337, 346, 511, 624}
540    22.557706   246.039393   {111, 189, 190, 308, 340, 452}
541   -40.346753   337.145894   {149, 249, 267, 338, 531, 605}
542    90.000000   180.000000   { 50,  66, 174, 222, 391, 545}
543   -36.000000   148.282526   { 26,  37,  58, 434, 628, 641}
544    34.350518   128.449177   { 32, 265, 343, 499, 616, 627}
545    81.000000    31.717474   {  0,  88, 174, 222, 275, 542}
546    44.612618   245.429544   { 27, 226, 304, 322, 465, 568}
547    22.026697   155.555054   { 25,  64, 227, 253, 274, 613}
548    45.339297   270.000000   {109, 179, 304, 360, 496, 626}
549   -59.874637   105.153785   {259, 344, 462, 485, 584, 635}
550   -22.026697   155.555054   { 26,  58,  92, 263, 384, 471}
551    59.617533    59.079104   { 52, 150, 154, 261, 293, 509}
552    40.284076   317.703132   {103, 258, 273, 354, 596, 632}
553    22.026697    24.444946   { 59, 138, 184, 223, 289, 602}
554     9.000000   328.282526   {181, 291, 352, 358, 438, 564}
555     0.000000    74.141263   { 14, 247, 445, 446, 497, 526}
556    31.072455   336.162687   { 45, 103, 217, 390, 535, 610}
557   -12.715907     7.824043   {156, 175, 237, 375, 491, 514}
558    15.240162    99.693724   {  9,  89, 255, 370, 560, 640}
559    44.660703   180.000000   { 90, 286, 447, 495, 575, 595}
560    23.553616    95.152423   {255, 482, 558, 617, 636, 640}
561   -23.553616    95.152423   {  7,  63, 429, 528, 582, 618}
562   -17.217787   132.670862   { 76, 120, 146, 244, 359, 367}
563   -44.591422    76.964707   {180, 279, 378, 399, 415, 619}
564     4.654202   321.516331   {141, 200, 358, 438, 532, 554}
565     0.000000   121.717474   {  4,  48,  71, 106, 137,  -1}
566    72.000000   148.282526   { 11, 114, 361, 391, 589, 590}
567   -49.345531    21.340566   {  2,  31, 250, 576, 608, 623}
568    37.360293   252.645461   {189, 304, 318, 360, 465, 546}
569   -37.360293   107.354539   {  7,  39, 155, 216, 505, 594}
570    49.345531   158.659434   {152, 315, 428, 447, 479, 575}
571    51.577705   123.849010   { 65, 158, 236, 468, 502, 616}
572   -66.383039    48.762279   {  1,  99, 113, 245, 264, 436}
573   -72.000000   148.282526   {108, 178, 203, 342, 486, 622}
574   -25.171262   229.499295   { 33, 117, 230, 231, 503, 625}
575    51.279291   172.546699   { 44, 286, 447, 479, 559, 570}
576   -51.279291     7.453301   {105, 250, 529, 567, 608, 609}
577   -25.714593    16.765721   { 49, 139, 156, 237, 402, 483}
578   -45.339297   270.000000   { 17,  24, 104, 202, 329, 587}
579    -7.630989   257.168544   {  5, 239, 325, 366, 385, 522}
580   -36.000000    31.717474   {  2,  60, 139, 431, 623, 638}
581    -4.654202   218.483669   {122, 205, 240, 270, 290, 320}
582   -31.717474    90.000000   {  7,  39, 180, 209, 561, 618}
583    20.252196   123.376058   {144, 256, 312, 343, 400, 499}
584   -59.617533   120.920896   { 13,  79, 342, 485, 549, 635}
585    66.211894    90.000000   {124, 150, 224, 261, 339, 450}
586    49.282526   224.103179   { 27,  68, 226, 310, 423, 470}
587   -51.613800   277.503246   { 24,  70, 215, 329, 578, 630}
588   -22.717474   255.004053   { 81, 128, 160, 171, 239, 366}
589    63.000000   148.282526   {114, 236, 361, 428, 479, 566}
590    74.549563   180.000000   { 66,  97, 361, 391, 489, 566}
591   -30.000000    69.094843   {192, 209, 234, 279, 426, 463}
592   -23.788106   180.000000   { 86, 317, 455, 520, 533, 538}
593    66.383039   228.762279   { 97, 186, 214, 310, 392, 639}
594   -30.000000   110.905157   {  7,  78, 155, 345, 429, 569}
595    37.998585   185.906075   { 87,  90, 271, 369, 495, 559}
596    34.350518   308.449177   {148, 162, 258, 277, 354, 552}
597   -81.000000    31.717474   {  1,  38, 169, 225, 245, 331}
598   -25.171262    49.499295   {116, 306, 426, 432, 629, 638}
599    34.350518    51.550823   {112, 118, 268, 294, 297, 508}
600    30.888929   221.110488   { 67,  68,  77, 115, 140, 621}
601   -15.063649   296.700611   {196, 197, 295, 353, 410, 612}
602    13.808465    23.433271   {182, 207, 223, 289, 377, 553}
603    67.563727   290.179266   { 29, 131, 302, 393, 427, 501}
604   -17.533230   196.078204   { 86, 326, 398, 412, 417, 424}
605   -49.345531   338.659434   { 28, 149, 249, 376, 541, 609}
606    37.360293   287.354539   { 74, 148, 179, 212, 218, 626}
607   -43.930117   167.113033   {188, 266, 409, 411, 418, 641}
608   -43.930117    12.886967   {  2,  30, 105, 402, 567, 576}
609   -51.279291   352.546699   {105, 249, 376, 529, 576, 605}
610    27.000000   328.282526   {103, 291, 354, 390, 469, 556}
611   -27.000000   328.282526   {143, 151, 338, 357, 389, 531}
612   -15.312457   288.200741   {251, 307, 351, 353, 410, 601}
613    25.714593   163.234279   { 19,  64, 253, 416, 443, 547}
614   -81.000000   211.717474   { 54,  94,  98, 178, 331, 622}
615   -31.072455   203.837313   { 43, 326, 355, 380, 398, 637}
616    43.487078   125.889755   { 32,  65, 502, 544, 571, 627}
617    23.553616    84.847577   { 53, 123, 488, 560, 636, 640}
618   -23.553616    84.847577   { 63, 192, 209, 458, 561, 582}
619   -51.613800    82.496754   {130, 344, 378, 399, 462, 563}
620   -37.998585   185.906075   { 43, 188, 248, 266, 317, 455}
621    21.823464   220.386178   {115, 140, 220, 298, 440, 600}
622   -81.000000   148.282526   {169, 178, 331, 486, 573, 614}
623   -45.000000    31.717474   {  2,  31, 431, 500, 567, 580}
624   -59.874637   254.846215   { 12,  24, 191, 511, 539, 630}
625   -21.823464   220.386178   {117, 231, 240, 397, 574, 637}
626    44.591422   283.035293   { 74, 109, 179, 548, 606, 633}
627    36.977471   117.732301   { 65, 408, 449, 499, 544, 616}
628   -45.000000   148.282526   { 37, 193, 257, 409, 543, 641}
629   -21.823464    40.386178   { 60, 241, 306, 466, 598, 638}
630   -58.282526   270.000000   { 24,  70, 191, 587, 624,  -1}
631   -36.977471   297.732301   { 34, 107, 119, 134, 421, 444}
632    45.000000   328.282526   {103, 273, 441, 498, 535, 552}
633    52.433780   290.450760   { 69,  74, 109, 302, 393, 626}
634     9.000000   148.282526   {227, 274, 336, 442, 472, 478}
635   -67.563727   110.179266   {259, 342, 457, 486, 549, 584}
636    31.717474    90.000000   { 16,  53, 482, 510, 560, 617}
637   -27.000000   211.717474   {117, 380, 397, 398, 615, 625}
638   -30.888929    41.110488   { 60, 116, 431, 580, 598, 629}
639    63.000000   211.717474   { 97, 310, 371, 423, 489, 593}
640    15.450437    90.000000   {  9, 321, 488, 558, 560, 617}
641   -40.346753   157.145894   { 58, 409, 418, 543, 607, 628}
